# Ethanol-water solution density data vs temperature and ethanol molar fraction
# Data taken from AlcoDens https://www.katmarsoftware.com/alcodens.htm
# First column: ethanol molar fraction
# Next columns: temperature
# First row: temperature data

TEMP: 0       10      20      30      40      50      60      70      75      80      85      90      95      100
0.0 0.99984 0.9997  0.9982  0.99565 0.99221 0.98806 0.98317 0.97772 0.97479 0.97175 0.96858 0.96529 0.96187 0.95834
0.1 0.97372 0.9701  0.96573 0.96063 0.95489 0.94877 0.94209 0.93497 0.93126 0.92744 0.92352 0.91951 0.91539 0.91117
0.2 0.95117 0.94431 0.93716 0.92974 0.92206 0.91427 0.90619 0.89793 0.89376 0.88956 0.88533 0.88109 0.87684 0.87258
0.3 0.92424 0.91657 0.90866 0.90052 0.89215 0.88356 0.87487 0.86615 0.8618  0.85744 0.8531  0.84877 0.84446 0.84017
0.4 0.90028 0.89228 0.88406 0.87561 0.86693 0.85792 0.84901 0.84009 0.83563 0.83117 0.8267  0.82222 0.81773 0.8132
0.5 0.87973 0.87151 0.86309 0.85447 0.84564 0.83659 0.82753 0.81843 0.81387 0.80929 0.80468 0.80003 0.79534 0.79059
0.6 0.86195 0.8536  0.84506 0.83633 0.82737 0.81839 0.80917 0.79987 0.79519 0.79048 0.78575 0.78099 0.77618 0.77133
0.7 0.84626 0.83782 0.82923 0.82046 0.81146 0.8024  0.79303 0.78353 0.77874 0.77394 0.76913 0.76431 0.75949 0.75468
0.8 0.83202 0.82355 0.81495 0.80621 0.79732 0.78803 0.77855 0.76893 0.76408 0.75923 0.75439 0.74957 0.7448  0.74008
0.9 0.8188  0.81034 0.80175 0.79308 0.78437 0.7749  0.76544 0.75582 0.75098 0.74614 0.74132 0.73654 0.73181 0.72716
1.0 0.80622 0.79776 0.78924 0.78065 0.77193 0.76281 0.7535  0.74407 0.73932 0.73456 0.7298  0.72506 0.72033 0.71563
